IMG_01.jpg 8
2669 328 379 379
1395 444 204 204
1930 536 202 202
415 631 372 372
1075 667 410 410
1798 789 217 217
2697 848 446 446
2150 570 400 400
IMG_02.jpg 6
2770 1600 150 150
300 1450 172 172
1825 1725 170 170
2430 1730 150 150
1450 1720 170 170
1050 1580 172 172
IMG_03.jpg 9
680 60 137 137
132 37 254 254
689 614 180 180
690 1059 145 145
1175 1054 254 254
1225 650 180 180
135 550 350 350
105 1150 170 170
1150 190 210 210
IMG_04.jpg 5
45 461 100 100
310 140 140 140
670 180 130 130
880 220 130 130
215 375 125 125